73	1870
20	1871
417	1872
204	1873
537	1874
21	1875
76	1876
250	1877
220	1878
90	1879
548	1880
329	1881
279	1882
420	1883
346	1884
397	1885
519	1886
485	1887
138	1888
167	1889
386	1890
91	1891
322	1892
236	1893
504	1894
295	1895
344	1896
140	1897
441	1898
221	1899
384	1900
376	1901
306	1902
19	1903
496	1904
581	1905
385	1906
341	1907
326	1908
165	1909
211	1910
245	1911
64	1912
155	1913
119	1914
159	1915
141	1916
38	1917
335	1918
479	1919
72	1920
182	1921
382	1922
426	1923
573	1924
125	1925
505	1926
87	1927
543	1928
419	1929
559	1930
305	1931
95	1932
547	1933
261	1934
177	1935
361	1936
356	1937
418	1938
189	1939
276	1940
198	1941
161	1942
121	1943
414	1944
104	1945
325	1946
351	1947
449	1948
101	1949
439	1950
5	1951
175	1952
107	1953
506	1954
168	1955
407	1956
88	1957
266	1958
482	1959
264	1960
208	1961
494	1962
540	1963
431	1964
275	1965
158	1966
291	1967
342	1968
556	1969
486	1970
545	1971
330	1972
343	1973
463	1974
337	1975
286	1976
508	1977
369	1978
402	1979
273	1980
179	1981
510	1982
400	1983
339	1984
226	1985
203	1986
453	1987
509	1988
89	1989
558	1990
132	1991
415	1992
466	1993
102	1994
551	1995
114	1996
79	1997
62	1998
26	1999
100	2000
334	2001
550	2002
521	2003
324	2004
570	2005
365	2006
465	2007
238	2008
3	2009
33	2010
367	2011
244	2012
96	2013
269	2014
309	2015
68	2016
231	2017
442	2018
7	2019
186	2020
464	2021
263	2022
191	2023
25	2024
535	2025
577	2026
110	2027
46	2028
0	2029
380	2030
434	2031
500	2032
117	2033
29	2034
6	2035
133	2036
271	2037
274	2038
56	2039
63	2040
287	2041
552	2042
495	2043
260	2044
461	2045
272	2046
229	2047
427	2048
267	2049
108	2050
209	2051
234	2052
433	2053
507	2054
406	2055
240	2056
11	2057
69	2058
317	2059
109	2060
163	2061
362	2062
224	2063
105	2064
14	2065
195	2066
498	2067
10	2068
357	2069
360	2070
404	2071
284	2072
188	2073
82	2074
574	2075
520	2076
277	2077
207	2078
84	2079
563	2080
392	2081
314	2082
566	2083
173	2084
228	2085
71	2086
313	2087
153	2088
206	2089
296	2090
217	2091
65	2092
258	2093
564	2094
524	2095
410	2096
200	2097
347	2098
235	2099
408	2100
405	2101
480	2102
451	2103
446	2104
536	2105
416	2106
157	2107
432	2108
115	2109
8	2110
571	2111
202	2112
517	2113
333	2114
17	2115
413	2116
363	2117
67	2118
187	2119
377	2120
350	2121
61	2122
562	2123
475	2124
411	2125
199	2126
222	2127
2	2128
129	2129
394	2130
310	2131
297	2132
268	2133
371	2134
542	2135
327	2136
70	2137
447	2138
219	2139
122	2140
353	2141
30	2142
152	2143
52	2144
525	2145
460	2146
285	2147
97	2148
185	2149
40	2150
497	2151
41	2152
248	2153
546	2154
541	2155
316	2156
554	2157
35	2158
455	2159
529	2160
78	2161
288	2162
139	2163
118	2164
239	2165
280	2166
184	2167
289	2168
378	2169
183	2170
450	2171
575	2172
106	2173
348	2174
151	2175
331	2176
436	2177
393	2178
383	2179
332	2180
372	2181
98	2182
454	2183
142	2184
430	2185
60	2186
156	2187
127	2188
37	2189
576	2190
194	2191
501	2192
74	2193
472	2194
349	2195
136	2196
396	2197
502	2198
192	2199
160	2200
389	2201
223	2202
516	2203
572	2204
201	2205
435	2206
421	2207
128	2208
567	2209
370	2210
247	2211
169	2212
113	2213
477	2214
358	2215
148	2216
298	2217
527	2218
387	2219
359	2220
568	2221
328	2222
336	2223
398	2224
438	2225
340	2226
143	2227
560	2228
94	2229
12	2230
471	2231
265	2232
391	2233
147	2234
251	2235
166	2236
170	2237
24	2238
530	2239
422	2240
425	2241
85	2242
172	2243
533	2244
210	2245
4	2246
373	2247
39	2248
18	2249
116	2250
312	2251
301	2252
130	2253
145	2254
213	2255
230	2256
569	2257
227	2258
467	2259
283	2260
308	2261
481	2262
440	2263
478	2264
459	2265
164	2266
493	2267
476	2268
532	2269
424	2270
103	2271
469	2272
320	2273
262	2274
555	2275
77	2276
462	2277
565	2278
124	2279
257	2280
503	2281
528	2282
137	2283
557	2284
355	2285
489	2286
294	2287
134	2288
249	2289
43	2290
225	2291
511	2292
9	2293
233	2294
515	2295
232	2296
428	2297
490	2298
75	2299
53	2300
58	2301
181	2302
80	2303
399	2304
299	2305
278	2306
45	2307
409	2308
302	2309
27	2310
487	2311
311	2312
135	2313
423	2314
379	2315
83	2316
539	2317
445	2318
99	2319
32	2320
16	2321
303	2322
456	2323
401	2324
252	2325
171	2326
196	2327
531	2328
443	2329
48	2330
218	2331
93	2332
388	2333
180	2334
111	2335
1	2336
259	2337
246	2338
374	2339
304	2340
544	2341
352	2342
15	2343
470	2344
270	2345
474	2346
319	2347
92	2348
549	2349
255	2350
123	2351
237	2352
354	2353
580	2354
293	2355
523	2356
452	2357
112	2358
36	2359
54	2360
300	2361
307	2362
174	2363
458	2364
468	2365
512	2366
375	2367
47	2368
13	2369
345	2370
212	2371
243	2372
290	2373
215	2374
448	2375
57	2376
23	2377
437	2378
146	2379
149	2380
193	2381
321	2382
499	2383
579	2384
22	2385
395	2386
364	2387
131	2388
59	2389
197	2390
338	2391
561	2392
518	2393
55	2394
254	2395
176	2396
282	2397
492	2398
578	2399
49	2400
318	2401
120	2402
553	2403
86	2404
42	2405
281	2406
491	2407
44	2408
488	2409
526	2410
381	2411
126	2412
390	2413
50	2414
484	2415
253	2416
292	2417
242	2418
162	2419
34	2420
429	2421
403	2422
66	2423
150	2424
28	2425
534	2426
522	2427
513	2428
214	2429
368	2430
205	2431
190	2432
178	2433
366	2434
483	2435
412	2436
81	2437
241	2438
457	2439
315	2440
538	2441
473	2442
514	2443
444	2444
216	2445
154	2446
51	2447
323	2448
256	2449
144	2450
31	2451
