652	2133
533	2134
502	2135
538	2136
426	2137
59	2138
343	2139
676	2140
827	2141
173	2142
756	2143
659	2144
188	2145
102	2146
590	2147
494	2148
166	2149
434	2150
663	2151
271	2152
243	2153
156	2154
414	2155
340	2156
255	2157
511	2158
440	2159
21	2160
228	2161
481	2162
758	2163
147	2164
374	2165
114	2166
471	2167
111	2168
672	2169
582	2170
606	2171
476	2172
609	2173
42	2174
320	2175
413	2176
317	2177
177	2178
872	2179
388	2180
183	2181
238	2182
236	2183
171	2184
141	2185
731	2186
469	2187
34	2188
634	2189
783	2190
823	2191
80	2192
323	2193
18	2194
681	2195
589	2196
779	2197
711	2198
808	2199
463	2200
507	2201
260	2202
152	2203
701	2204
688	2205
189	2206
861	2207
769	2208
386	2209
88	2210
640	2211
94	2212
497	2213
315	2214
567	2215
242	2216
199	2217
24	2218
880	2219
235	2220
809	2221
184	2222
252	2223
753	2224
702	2225
810	2226
819	2227
482	2228
436	2229
330	2230
78	2231
869	2232
875	2233
811	2234
870	2235
331	2236
856	2237
351	2238
35	2239
759	2240
618	2241
299	2242
214	2243
807	2244
542	2245
521	2246
174	2247
218	2248
885	2249
815	2250
409	2251
342	2252
222	2253
817	2254
395	2255
851	2256
689	2257
622	2258
223	2259
458	2260
104	2261
427	2262
33	2263
90	2264
9	2265
279	2266
198	2267
19	2268
439	2269
498	2270
336	2271
112	2272
778	2273
195	2274
370	2275
719	2276
831	2277
70	2278
867	2279
63	2280
399	2281
871	2282
882	2283
411	2284
339	2285
377	2286
119	2287
75	2288
552	2289
491	2290
432	2291
580	2292
697	2293
151	2294
201	2295
852	2296
326	2297
381	2298
457	2299
8	2300
108	2301
302	2302
887	2303
576	2304
175	2305
739	2306
693	2307
610	2308
550	2309
506	2310
385	2311
745	2312
45	2313
292	2314
725	2315
118	2316
563	2317
742	2318
291	2319
410	2320
467	2321
530	2322
15	2323
524	2324
599	2325
707	2326
380	2327
649	2328
265	2329
182	2330
604	2331
767	2332
512	2333
733	2334
848	2335
226	2336
561	2337
509	2338
766	2339
126	2340
433	2341
136	2342
37	2343
547	2344
713	2345
249	2346
281	2347
881	2348
329	2349
137	2350
474	2351
483	2352
192	2353
293	2354
556	2355
682	2356
134	2357
373	2358
446	2359
748	2360
600	2361
241	2362
0	2363
804	2364
216	2365
383	2366
393	2367
46	2368
632	2369
389	2370
84	2371
832	2372
81	2373
495	2374
179	2375
786	2376
657	2377
4	2378
510	2379
564	2380
643	2381
828	2382
66	2383
795	2384
665	2385
429	2386
211	2387
79	2388
771	2389
750	2390
121	2391
337	2392
845	2393
585	2394
608	2395
854	2396
38	2397
529	2398
142	2399
169	2400
813	2401
629	2402
559	2403
2	2404
635	2405
101	2406
773	2407
888	2408
736	2409
257	2410
244	2411
403	2412
685	2413
285	2414
155	2415
441	2416
133	2417
261	2418
579	2419
27	2420
477	2421
58	2422
312	2423
837	2424
382	2425
760	2426
306	2427
700	2428
627	2429
551	2430
791	2431
99	2432
269	2433
596	2434
282	2435
113	2436
284	2437
357	2438
762	2439
197	2440
838	2441
49	2442
650	2443
245	2444
202	2445
464	2446
310	2447
231	2448
460	2449
504	2450
308	2451
303	2452
273	2453
569	2454
135	2455
472	2456
127	2457
583	2458
20	2459
641	2460
518	2461
703	2462
670	2463
737	2464
515	2465
387	2466
22	2467
575	2468
23	2469
362	2470
60	2471
85	2472
825	2473
264	2474
722	2475
428	2476
421	2477
806	2478
52	2479
13	2480
193	2481
651	2482
76	2483
754	2484
96	2485
821	2486
694	2487
478	2488
191	2489
654	2490
51	2491
154	2492
358	2493
613	2494
621	2495
454	2496
699	2497
800	2498
36	2499
747	2500
636	2501
479	2502
447	2503
777	2504
181	2505
863	2506
325	2507
788	2508
53	2509
525	2510
581	2511
311	2512
523	2513
356	2514
470	2515
57	2516
744	2517
493	2518
190	2519
267	2520
612	2521
361	2522
780	2523
841	2524
853	2525
626	2526
5	2527
170	2528
680	2529
452	2530
499	2531
93	2532
594	2533
107	2534
375	2535
574	2536
801	2537
115	2538
505	2539
316	2540
355	2541
407	2542
790	2543
55	2544
822	2545
761	2546
200	2547
537	2548
812	2549
397	2550
148	2551
721	2552
31	2553
648	2554
87	2555
146	2556
128	2557
163	2558
138	2559
666	2560
300	2561
194	2562
601	2563
367	2564
364	2565
289	2566
73	2567
886	2568
416	2569
44	2570
840	2571
624	2572
540	2573
662	2574
372	2575
345	2576
705	2577
519	2578
717	2579
333	2580
818	2581
327	2582
219	2583
526	2584
571	2585
232	2586
1	2587
204	2588
157	2589
402	2590
258	2591
203	2592
313	2593
805	2594
176	2595
283	2596
692	2597
350	2598
473	2599
520	2600
617	2601
868	2602
319	2603
588	2604
124	2605
735	2606
792	2607
17	2608
671	2609
239	2610
32	2611
360	2612
419	2613
207	2614
587	2615
548	2616
227	2617
696	2618
122	2619
106	2620
646	2621
450	2622
488	2623
394	2624
328	2625
420	2626
586	2627
543	2628
858	2629
857	2630
425	2631
290	2632
47	2633
708	2634
577	2635
129	2636
830	2637
371	2638
86	2639
656	2640
270	2641
132	2642
424	2643
603	2644
164	2645
772	2646
687	2647
691	2648
288	2649
677	2650
490	2651
437	2652
161	2653
664	2654
275	2655
3	2656
500	2657
485	2658
369	2659
770	2660
109	2661
274	2662
213	2663
406	2664
221	2665
167	2666
584	2667
598	2668
140	2669
234	2670
314	2671
392	2672
100	2673
248	2674
117	2675
508	2676
160	2677
178	2678
74	2679
658	2680
335	2681
237	2682
553	2683
884	2684
61	2685
873	2686
706	2687
305	2688
448	2689
674	2690
404	2691
763	2692
431	2693
418	2694
785	2695
210	2696
445	2697
855	2698
710	2699
794	2700
555	2701
645	2702
442	2703
484	2704
834	2705
718	2706
723	2707
623	2708
554	2709
92	2710
487	2711
462	2712
430	2713
714	2714
816	2715
738	2716
378	2717
139	2718
775	2719
796	2720
268	2721
878	2722
593	2723
39	2724
833	2725
354	2726
247	2727
185	2728
798	2729
209	2730
475	2731
91	2732
120	2733
755	2734
168	2735
444	2736
774	2737
353	2738
348	2739
405	2740
724	2741
206	2742
734	2743
294	2744
630	2745
814	2746
187	2747
637	2748
668	2749
615	2750
726	2751
572	2752
130	2753
847	2754
286	2755
229	2756
251	2757
616	2758
359	2759
12	2760
727	2761
558	2762
684	2763
233	2764
513	2765
836	2766
638	2767
611	2768
145	2769
307	2770
730	2771
30	2772
679	2773
324	2774
322	2775
661	2776
829	2777
62	2778
820	2779
690	2780
220	2781
544	2782
560	2783
180	2784
68	2785
253	2786
712	2787
843	2788
240	2789
263	2790
438	2791
850	2792
752	2793
172	2794
391	2795
660	2796
110	2797
368	2798
412	2799
570	2800
225	2801
496	2802
466	2803
280	2804
562	2805
11	2806
347	2807
864	2808
729	2809
566	2810
352	2811
349	2812
876	2813
123	2814
334	2815
105	2816
165	2817
332	2818
866	2819
254	2820
793	2821
64	2822
787	2823
802	2824
396	2825
728	2826
287	2827
459	2828
89	2829
860	2830
28	2831
715	2832
435	2833
277	2834
539	2835
546	2836
644	2837
842	2838
149	2839
595	2840
43	2841
346	2842
217	2843
522	2844
489	2845
422	2846
297	2847
740	2848
272	2849
82	2850
25	2851
259	2852
597	2853
97	2854
41	2855
266	2856
453	2857
492	2858
365	2859
40	2860
69	2861
695	2862
95	2863
686	2864
6	2865
400	2866
344	2867
846	2868
673	2869
620	2870
501	2871
642	2872
545	2873
301	2874
158	2875
781	2876
709	2877
159	2878
26	2879
824	2880
859	2881
196	2882
602	2883
417	2884
208	2885
591	2886
276	2887
826	2888
578	2889
449	2890
309	2891
338	2892
224	2893
698	2894
799	2895
366	2896
865	2897
768	2898
29	2899
398	2900
797	2901
486	2902
278	2903
532	2904
514	2905
667	2906
889	2907
461	2908
549	2909
531	2910
669	2911
451	2912
98	2913
186	2914
256	2915
72	2916
67	2917
568	2918
116	2919
379	2920
751	2921
16	2922
363	2923
784	2924
150	2925
619	2926
384	2927
528	2928
56	2929
321	2930
516	2931
71	2932
48	2933
408	2934
607	2935
215	2936
250	2937
776	2938
757	2939
527	2940
720	2941
443	2942
341	2943
883	2944
704	2945
14	2946
517	2947
131	2948
614	2949
503	2950
743	2951
246	2952
212	2953
839	2954
230	2955
678	2956
782	2957
144	2958
423	2959
741	2960
764	2961
54	2962
298	2963
625	2964
296	2965
143	2966
879	2967
716	2968
10	2969
874	2970
65	2971
83	2972
103	2973
295	2974
376	2975
205	2976
749	2977
639	2978
153	2979
862	2980
655	2981
765	2982
125	2983
633	2984
653	2985
565	2986
465	2987
536	2988
262	2989
304	2990
877	2991
534	2992
835	2993
468	2994
592	2995
390	2996
318	2997
415	2998
844	2999
162	3000
605	3001
803	3002
456	3003
557	3004
683	3005
628	3006
455	3007
535	3008
7	3009
647	3010
849	3011
401	3012
732	3013
50	3014
573	3015
890	3016
541	3017
675	3018
77	3019
746	3020
480	3021
631	3022
789	3023
