22	2036
4	2037
35	2038
26	2039
53	2040
21	2041
59	2042
41	2043
33	2044
11	2045
61	2046
12	2047
1	2048
36	2049
58	2050
69	2051
48	2052
27	2053
74	2054
2	2055
50	2056
44	2057
19	2058
55	2059
67	2060
3	2061
52	2062
24	2063
68	2064
56	2065
60	2066
17	2067
30	2068
10	2069
9	2070
64	2071
40	2072
6	2073
0	2074
15	2075
8	2076
25	2077
28	2078
70	2079
42	2080
54	2081
72	2082
38	2083
31	2084
43	2085
45	2086
49	2087
13	2088
73	2089
66	2090
37	2091
7	2092
51	2093
34	2094
14	2095
20	2096
29	2097
71	2098
46	2099
16	2100
47	2101
18	2102
62	2103
63	2104
39	2105
32	2106
23	2107
5	2108
65	2109
57	2110
